  8.1472369e-001  1.5761308e-001  6.5574070e-001  7.0604609e-001  4.3874436e-001  2.7602508e-001  7.5126706e-001  8.4071726e-001  3.5165951e-001  7.5854290e-002
  9.0579194e-001  9.7059278e-001  3.5711679e-002  3.1832846e-002  3.8155846e-001  6.7970268e-001  2.5509512e-001  2.5428218e-001  8.3082863e-001  5.3950119e-002
  1.2698682e-001  9.5716695e-001  8.4912931e-001  2.7692298e-001  7.6551679e-001  6.5509800e-001  5.0595705e-001  8.1428483e-001  5.8526409e-001  5.3079755e-001
  9.1337586e-001  4.8537565e-001  9.3399325e-001  4.6171391e-002  7.9519990e-001  1.6261174e-001  6.9907672e-001  2.4352497e-001  5.4972361e-001  7.7916723e-001
  6.3235925e-001  8.0028047e-001  6.7873515e-001  9.7131781e-002  1.8687260e-001  1.1899768e-001  8.9090325e-001  9.2926362e-001  9.1719366e-001  9.3401068e-001
  9.7540405e-002  1.4188634e-001  7.5774013e-001  8.2345783e-001  4.8976440e-001  4.9836405e-001  9.5929143e-001  3.4998377e-001  2.8583902e-001  1.2990621e-001
  2.7849822e-001  4.2176128e-001  7.4313247e-001  6.9482862e-001  4.4558620e-001  9.5974396e-001  5.4721553e-001  1.9659525e-001  7.5720023e-001  5.6882366e-001
  5.4688152e-001  9.1573553e-001  3.9222702e-001  3.1709948e-001  6.4631301e-001  3.4038573e-001  1.3862444e-001  2.5108386e-001  7.5372909e-001  4.6939064e-001
  9.5750684e-001  7.9220733e-001  6.5547789e-001  9.5022205e-001  7.0936483e-001  5.8526775e-001  1.4929401e-001  6.1604468e-001  3.8044585e-001  1.1902070e-002
  9.6488854e-001  9.5949243e-001  1.7118669e-001  3.4446081e-002  7.5468668e-001  2.2381194e-001  2.5750825e-001  4.7328885e-001  5.6782164e-001  3.3712264e-001
