617
1
1
1
1
1
1
1
1
1
1
1
1
1
1
1
1
1
1
1
1
1
1
1
1
1
1
1
1
1
1
1
1
1
1
1
1
1
1
1
1
1
1
1
1
1
1
1
1
1
1
1
1
1
1
1
1
1
1
1
1
1
1
1
1
1
1
1
1
1
1
1
1
1
1
1
1
1
1
1
1
1
1
1
1
1
1
1
1
1
1
1
1
1
1
1
1
1
1
1
1
1
1
1
1
1
1
1
1
1
1
1
1
1
1
1
1
1
1
1
1
1
1
1
1
1
1
1
1
1
1
1
1
1
1
1
1
1
1
1
1
1
1
1
1
1
1
1
1
1
1
1
0.149984
0.156026
0.15891
0.152825
0.080642
0.0042219
0.0992504
0.157066
0.102564
0.148203
0.0300131
0.158985
0.158442
0.159153
0.152296
0.138609
0.151106
0.0171072
0.118072
0.137755
0.087413
0.129961
0.158301
0.145234
0.0582619
0.147754
0.154243
0.139427
0.147383
2.56328e-005
0.0650499
0.0713259
0.115844
0.0385903
0.0742844
0.057689
0.0742153
0.100701
0.0938406
0.121964
0.129174
0.149504
0.0835495
0.128014
0.120961
0.0948974
0.107583
3.97803e-005
0.153706
0.146099
0.148489
0.148161
0.159007
1.47893e-006
0.156841
0.0706617
0.110867
0.101308
0.142335
0.132443
0.100741
0.0556644
0.139095
0.0399727
0.083131
0.0877823
0.087067
0.0875654
0.116283
0.156349
0.101493
0.121414
0.143802
0.126213
0.136291
0.136533
0.135452
0.0165469
0.0513509
0.0576953
0.104891
0.107041
0.129768
0.112851
0.127425
0.146821
0.134041
0.118176
0.126725
0.00472382
0.102978
0.135415
0.102365
0.155174
0.141623
0.151717
0.142909
0.15241
0.139192
0.0903246
0.0476236
0.144328
0.0403703
0.0618921
0.109225
0.12223
0.0875281
0.0611797
0.0458326
0.0569204
0.0501084
0.0687226
0.101804
0.00350519
0.108467
0.111353
0.104555
0.105446
0.0792098
0.12887
0.117913
0.0671336
0.0538921
0.0773986
0.150343
0.00012443
0.0704317
0.100448
0.158559
0.150722
0.132083
0.0926641
0.133104
0.0895743
0.134452
0.0806407
0.120268
0.0326135
0.0770189
0.036669
0.0929189
0.101809
0.128558
0.132793
0.151138
0.127917
0.136584
0.11852
0.139731
7.52543e-006
0.0609229
0.0864884
0.126777
0.110616
0.119684
0.141571
0.154703
0.102158
0.158932
0.0672898
0.000167157
8.80369e-013
0.112424
0.073717
0.0795579
0.141857
0.0487626
0.15245
0.1524
0.156547
0.149771
0.109711
0.0953781
0.00763091
0.0543629
0.0985449
0.137995
0.121154
0.144719
0.103444
0.105809
0.124815
0.152348
0.144124
0.124899
0.00377475
0.148735
0.146555
0.14437
0.138527
0.157956
0.0960602
0.0825662
0.0530497
0.134533
0.0797103
0.0796657
9.78872e-006
0.0939114
0.107881
0.136414
0.110909
0.0893683
0.0869691
0.080589
0.0995853
0.107175
0.124308
0.125172
1.46116e-009
0.120459
0.158334
0.158026
0.159145
0.134038
0.149547
0.128957
0.12661
0.133996
0.114786
0.135444
0.147211
0.159013
0.144343
0.159101
0.151362
0.0826019
0.135698
0.0518183
0.0160336
0.0654865
0.148823
0.153715
0.0113051
0.157514
0.156914
0.158929
0.156569
0.152479
0.153481
0.158711
0.15904
0.14075
0.156854
0.158653
3.41862e-008
0.14517
0.114216
0.0828934
0.117247
0.0727311
0.0769766
0.112411
0.118211
0.122563
0.121804
0.0843503
0.000170914
0.0801119
0.07585
0.0696204
0.111573
0.0989509
0.143804
0.131174
0.158047
0.139404
0.157042
0.159091
0.0283762
0.13706
0.147078
0.147678
0.145634
0.156911
0.126845
0.141459
0.123169
0.0872685
0.0681705
0.101231
0.0211325
0.107931
0.15642
0.101666
0.14094
0.150275
0.13061
0.145499
0.155218
0.156492
0.133921
0.120784
0.0843959
0.0545303
0.0967137
0.120332
0.119658
0.086902
0.110629
0.0895408
0.12698
0.113666
0.156102
0.120286
0.00453184
0.116811
0.154195
0.140682
0.111046
0.131019
0.134679
0.138559
0.117159
0.0956184
0.11177
0.107898
0.133744
0.0640616
0.113793
0.0832443
0.0791449
0.114274
0.0876777
0.156685
0.1586
0.0788884
0.146751
0.144535
0.0764987
0.0279292
0.0156794
0.0499799
0.0408827
0.0318893
0.0189198
0.000618691
0.000411705
0.000304777
7.34729e-005
2.87202e-006
1.22369e-008
1.3859e-008
4.65523e-010
2.13238e-009
1.3462e-010
1.34634e-015
4.72783e-016
1.55116e-017
7.86335e-023
3.98087e-019
5.22994e-020
2.40639e-024
8.06822e-027
2.8633e-029
4.174e-038
4.33692e-031
1.82928e-031
1.0816e-028
1.24376e-026
1.02263e-034
3.32415e-040
1.03836e-042
0
0
5.00341e-036
0
0
0
0
0
0
0
0
0
0
0
4.27396e-043
0
0
0
0
0
0
0
0
0
0
0
0
0
0
0
0
0
0
0
0
0
0
0
0
0
0
0
0
0
0
0
0
0
0
0
4.35878e-033
0
0
0
0
0
0
0
0
0
0
0
0
0
9.58353e-032
6.94707e-022
5.03359e-022
1.25048e-018
2.19106e-015
2.83549e-020
2.14069e-014
4.75028e-021
2.46277e-029
0
1.63368e-010
0
7.28954e-032
2.76384e-018
1.1618e-017
9.3867e-017
2.50927e-021
2.23879e-023
4.23974e-032
0
0
0
8.89389e-007
2.46376e-008
1.22614e-009
0.000135407
1.04385e-013
8.68651e-007
4.67635e-016
2.27485e-013
5.13358e-037
2.38221e-044
2.28044e-036
1.3779e-018
1.12405e-015
0.00028979
0.0908631
0
0.00982911
